#        weight    minuslogpost              ns   minuslogprior minuslogprior__0            chi2    chi2__Euclid
              1       14.083709       1.0772649     -0.91629073      -0.91629073              30              30
              3       14.083709        1.195325     -0.91629073      -0.91629073              30              30
              2       14.083709        1.102988     -0.91629073      -0.91629073              30              30
              1       14.083709       1.0006787     -0.91629073      -0.91629073              30              30
              2       14.083709       0.8947143     -0.91629073      -0.91629073              30              30
              2       14.083709       1.0312441     -0.91629073      -0.91629073              30              30
              3       14.083709      0.84489766     -0.91629073      -0.91629073              30              30
              3       14.083709       1.1757916     -0.91629073      -0.91629073              30              30
              3       14.083709       1.1259805     -0.91629073      -0.91629073              30              30
              1       14.083709      0.87142183     -0.91629073      -0.91629073              30              30
              5       14.083709       1.1911383     -0.91629073      -0.91629073              30              30
              1       14.083709        1.119493     -0.91629073      -0.91629073              30              30
              3       14.083709       1.0063877     -0.91629073      -0.91629073              30              30
              1       14.083709      0.80503239     -0.91629073      -0.91629073              30              30
              2       14.083709      0.89188184     -0.91629073      -0.91629073              30              30
              1       14.083709      0.87394432     -0.91629073      -0.91629073              30              30
              1       14.083709       1.0927867     -0.91629073      -0.91629073              30              30
              1       14.083709       1.1215048     -0.91629073      -0.91629073              30              30
              1       14.083709       1.0143022     -0.91629073      -0.91629073              30              30
              1       14.083709      0.97158693     -0.91629073      -0.91629073              30              30
              3       14.083709       1.1625866     -0.91629073      -0.91629073              30              30
              6       14.083709      0.83591997     -0.91629073      -0.91629073              30              30
              3       14.083709      0.91694439     -0.91629073      -0.91629073              30              30
              1       14.083709       1.1447735     -0.91629073      -0.91629073              30              30
              2       14.083709       1.1905352     -0.91629073      -0.91629073              30              30
              7       14.083709      0.99570331     -0.91629073      -0.91629073              30              30
              1       14.083709       1.0730444     -0.91629073      -0.91629073              30              30
              1       14.083709       1.0587274     -0.91629073      -0.91629073              30              30
              2       14.083709      0.90476338     -0.91629073      -0.91629073              30              30
              3       14.083709       0.9749698     -0.91629073      -0.91629073              30              30
              1       14.083709       0.8542203     -0.91629073      -0.91629073              30              30
              4       14.083709      0.80793745     -0.91629073      -0.91629073              30              30
              2       14.083709      0.80008724     -0.91629073      -0.91629073              30              30
              2       14.083709      0.93038982     -0.91629073      -0.91629073              30              30
              2       14.083709       1.0093614     -0.91629073      -0.91629073              30              30
              1       14.083709       1.1723421     -0.91629073      -0.91629073              30              30
              1       14.083709      0.84409502     -0.91629073      -0.91629073              30              30
              1       14.083709       1.1211206     -0.91629073      -0.91629073              30              30
              1       14.083709        1.037773     -0.91629073      -0.91629073              30              30
              1       14.083709       0.9384063     -0.91629073      -0.91629073              30              30
              1       14.083709       1.1424768     -0.91629073      -0.91629073              30              30
              2       14.083709       1.1530275     -0.91629073      -0.91629073              30              30
              2       14.083709       1.0128701     -0.91629073      -0.91629073              30              30
              3       14.083709       1.0581195     -0.91629073      -0.91629073              30              30
              1       14.083709       0.9529962     -0.91629073      -0.91629073              30              30
              3       14.083709      0.92073643     -0.91629073      -0.91629073              30              30
              2       14.083709       1.0117506     -0.91629073      -0.91629073              30              30
              3       14.083709       1.1258285     -0.91629073      -0.91629073              30              30
              2       14.083709       1.0246009     -0.91629073      -0.91629073              30              30
              1       14.083709      0.90517426     -0.91629073      -0.91629073              30              30
              1       14.083709       1.1972688     -0.91629073      -0.91629073              30              30
              1       14.083709       1.0176549     -0.91629073      -0.91629073              30              30
              3       14.083709       0.9961796     -0.91629073      -0.91629073              30              30
              4       14.083709      0.90474626     -0.91629073      -0.91629073              30              30
              1       14.083709       1.0470011     -0.91629073      -0.91629073              30              30
              1       14.083709      0.82488847     -0.91629073      -0.91629073              30              30
              3       14.083709      0.83757807     -0.91629073      -0.91629073              30              30
              1       14.083709      0.93125157     -0.91629073      -0.91629073              30              30
              2       14.083709        0.877398     -0.91629073      -0.91629073              30              30
              2       14.083709       0.8767371     -0.91629073      -0.91629073              30              30
              2       14.083709        1.019115     -0.91629073      -0.91629073              30              30
              1       14.083709      0.89896792     -0.91629073      -0.91629073              30              30
              1       14.083709       1.0211339     -0.91629073      -0.91629073              30              30
              4       14.083709       1.1272243     -0.91629073      -0.91629073              30              30
              1       14.083709      0.91606499     -0.91629073      -0.91629073              30              30
              2       14.083709       1.1762041     -0.91629073      -0.91629073              30              30
              3       14.083709       1.1907258     -0.91629073      -0.91629073              30              30
              3       14.083709       1.1669568     -0.91629073      -0.91629073              30              30
              2       14.083709       0.8572107     -0.91629073      -0.91629073              30              30
              1       14.083709       1.1658745     -0.91629073      -0.91629073              30              30
              4       14.083709      0.84698964     -0.91629073      -0.91629073              30              30
              2       14.083709       1.1091834     -0.91629073      -0.91629073              30              30
              4       14.083709       1.1251897     -0.91629073      -0.91629073              30              30
              1       14.083709       1.0039852     -0.91629073      -0.91629073              30              30
              2       14.083709      0.96984372     -0.91629073      -0.91629073              30              30
              4       14.083709        1.195869     -0.91629073      -0.91629073              30              30
              1       14.083709      0.80997532     -0.91629073      -0.91629073              30              30
              1       14.083709       1.1749502     -0.91629073      -0.91629073              30              30
              4       14.083709      0.84273851     -0.91629073      -0.91629073              30              30
              1       14.083709      0.84017747     -0.91629073      -0.91629073              30              30
              2       14.083709      0.83178734     -0.91629073      -0.91629073              30              30
              3       14.083709       1.0948796     -0.91629073      -0.91629073              30              30
              2       14.083709       1.0919163     -0.91629073      -0.91629073              30              30
              1       14.083709      0.90572421     -0.91629073      -0.91629073              30              30
              1       14.083709       1.0085227     -0.91629073      -0.91629073              30              30
              6       14.083709      0.82998531     -0.91629073      -0.91629073              30              30
              3       14.083709       1.1472006     -0.91629073      -0.91629073              30              30
              2       14.083709       1.0746327     -0.91629073      -0.91629073              30              30
              2       14.083709      0.97234222     -0.91629073      -0.91629073              30              30
              6       14.083709       1.0682146     -0.91629073      -0.91629073              30              30
              4       14.083709      0.90725846     -0.91629073      -0.91629073              30              30
              2       14.083709       1.0145098     -0.91629073      -0.91629073              30              30
              4       14.083709      0.82767004     -0.91629073      -0.91629073              30              30
              1       14.083709        1.019639     -0.91629073      -0.91629073              30              30
              1       14.083709       1.1012259     -0.91629073      -0.91629073              30              30
              1       14.083709       1.1396046     -0.91629073      -0.91629073              30              30
              1       14.083709      0.84844907     -0.91629073      -0.91629073              30              30
              3       14.083709       1.1559073     -0.91629073      -0.91629073              30              30
              1       14.083709       1.0411689     -0.91629073      -0.91629073              30              30
              1       14.083709        1.053404     -0.91629073      -0.91629073              30              30
              5       14.083709        1.189707     -0.91629073      -0.91629073              30              30
              3       14.083709      0.95720608     -0.91629073      -0.91629073              30              30
              4       14.083709       1.0225202     -0.91629073      -0.91629073              30              30
              1       14.083709       1.0433997     -0.91629073      -0.91629073              30              30
              5       14.083709       0.8278371     -0.91629073      -0.91629073              30              30
              1       14.083709       0.9958311     -0.91629073      -0.91629073              30              30
              1       14.083709       1.0546723     -0.91629073      -0.91629073              30              30
              2       14.083709      0.84294156     -0.91629073      -0.91629073              30              30
              4       14.083709       1.1356249     -0.91629073      -0.91629073              30              30
              2       14.083709       1.0278939     -0.91629073      -0.91629073              30              30
              1       14.083709       1.1830135     -0.91629073      -0.91629073              30              30
              3       14.083709      0.81400459     -0.91629073      -0.91629073              30              30
              5       14.083709      0.87783504     -0.91629073      -0.91629073              30              30
              1       14.083709      0.88423669     -0.91629073      -0.91629073              30              30
              3       14.083709       1.0245935     -0.91629073      -0.91629073              30              30
              1       14.083709       1.0812254     -0.91629073      -0.91629073              30              30
              2       14.083709      0.99375122     -0.91629073      -0.91629073              30              30
              1       14.083709      0.98769407     -0.91629073      -0.91629073              30              30
              3       14.083709       0.8478194     -0.91629073      -0.91629073              30              30
              3       14.083709      0.94662767     -0.91629073      -0.91629073              30              30
              4       14.083709       1.0747271     -0.91629073      -0.91629073              30              30
              3       14.083709      0.85599714     -0.91629073      -0.91629073              30              30
              5       14.083709       1.1853471     -0.91629073      -0.91629073              30              30
              2       14.083709       1.1727969     -0.91629073      -0.91629073              30              30
              1       14.083709      0.86209273     -0.91629073      -0.91629073              30              30
              1       14.083709       0.9262366     -0.91629073      -0.91629073              30              30
              1       14.083709      0.93874668     -0.91629073      -0.91629073              30              30
              2       14.083709       1.0990344     -0.91629073      -0.91629073              30              30
              3       14.083709       1.0995664     -0.91629073      -0.91629073              30              30
              2       14.083709        1.184796     -0.91629073      -0.91629073              30              30
              1       14.083709       1.1828966     -0.91629073      -0.91629073              30              30
              5       14.083709      0.80410958     -0.91629073      -0.91629073              30              30
              1       14.083709      0.90258018     -0.91629073      -0.91629073              30              30
              3       14.083709       1.1000031     -0.91629073      -0.91629073              30              30
              3       14.083709       1.0773773     -0.91629073      -0.91629073              30              30
              1       14.083709        1.011676     -0.91629073      -0.91629073              30              30
              2       14.083709       1.0168261     -0.91629073      -0.91629073              30              30
              5       14.083709      0.87555505     -0.91629073      -0.91629073              30              30
              5       14.083709      0.89816539     -0.91629073      -0.91629073              30              30
              2       14.083709       1.1302032     -0.91629073      -0.91629073              30              30
              1       14.083709       1.0204396     -0.91629073      -0.91629073              30              30
              1       14.083709      0.82579077     -0.91629073      -0.91629073              30              30
              1       14.083709       1.0375059     -0.91629073      -0.91629073              30              30
              3       14.083709       1.1712396     -0.91629073      -0.91629073              30              30
              1       14.083709       1.0121956     -0.91629073      -0.91629073              30              30
              2       14.083709       1.1815183     -0.91629073      -0.91629073              30              30
              1       14.083709       1.0051347     -0.91629073      -0.91629073              30              30
              2       14.083709      0.80772082     -0.91629073      -0.91629073              30              30
              1       14.083709       1.0151476     -0.91629073      -0.91629073              30              30
              2       14.083709       1.0055487     -0.91629073      -0.91629073              30              30
              1       14.083709        1.158637     -0.91629073      -0.91629073              30              30
              4       14.083709      0.87811049     -0.91629073      -0.91629073              30              30
              4       14.083709        0.805142     -0.91629073      -0.91629073              30              30
              1       14.083709       1.1043754     -0.91629073      -0.91629073              30              30
              1       14.083709       1.1145543     -0.91629073      -0.91629073              30              30
              4       14.083709       1.1633002     -0.91629073      -0.91629073              30              30
              3       14.083709      0.97678824     -0.91629073      -0.91629073              30              30
              1       14.083709      0.93181565     -0.91629073      -0.91629073              30              30
              1       14.083709       1.1111334     -0.91629073      -0.91629073              30              30
              1       14.083709       1.1512208     -0.91629073      -0.91629073              30              30
